10000235 10000227
10000265 10000037
10000224 10000048
10000089 10000129
10000738 10000329
10000446 10000199
10000253 10000194
10000230 10000058
10000174 10000210
10000419 10000121
10000148 10000069
10000125 10000106
10000514 10000233
10000234 10000006
10000339 10000103
10000351 10000098
10000337 10000251
10000286 10000053
10000063 10000316
10001178 10000328
10000362 10000393
10000477 10000002
10000105 10000003
10000116 10000208
10000284 10000618
10000950 10000794
10000827 10000052
10000142 10000074
10000126 10000101
10000191 10000758
10001034 10000505
10001098 10000449
10000587 10000850
10001503 10000980
10002398 10000102
10000953 10000078
10000091 10000320
10000782 10000215
10000306 10000502
10001355 10000966
10001332 10000171
10000390 10000398
10000804 10000182
10000443 10000372
10000617 10000093
10000930 10001502
10001984 10000050
10001500 10000141
10000545 10000082
10000468 10000992
10001193 10000032
10000511 10000169
10000515 10000304
10000679 10000377
10001149 10000597
10000662 10000036
10000041 10000164
10000542 10000487
10000929 10000352
10000507 10000589
10000776 10000158
10000837 10000792
10000842 10000278
10000363 10000065
10000516 10000885
10000894 10000257
10000723 10000165
10000775 10000193
10001042 10000110
10000222 10000578
10000612 10000034
10000506 10000368
10000659 10000665
10001058 10000068
10000427 10000196
10000549 10000984
10001356 10000207
10000475 10001832
10001968 10001184
10001530 10000769
10001109 10000015
10000109 10000760
10001272 10000008
10000086 10000293
10000754 10000657
10000832 10001820
10001903 10000732
10001199 10000700
10000714 10000252
10000445 10001665
10001767 10000347
10002259 10000001
10000147 10000027
10000095 10003621
10003812 10000228
10001944 10000425
10000678 10000535
10000887 10000408
10000604 10000087
10000814 10000018
10000715 10000076
10001203 10000741
10000772 10000112
10001247 10000135
10000255 10000422
10000559 10001791
10001823 10000554
10000685 10001088
10002446 10000010
10000655 10000345
10000367 10000436
10001195 10000744
10000993 10000311
10000555 10000019
10000409 10000448
10000606 10000438
10000942 10000812
10001113 10001368
10001424 10000104
10001584 10000138
10000428 10000131
10000633 10000540
10002702 10001057
10001958 10000204
10000213 10000590
10000809 10000601
10001850 10000708
10002006 10000945
10001430 10000084
10000485 10000268
10000452 10000029
10000035 10000267
10001455 10001583
10002103 10000740
10000896 10000184
10000594 10000136
10000497 10000492
10000513 10000117
10000374 10000586
10000719 10000273
10000556 10000297
10000917 10001604
10002537 10000526
10000886 10001230
10001617 10000212
10000546 10000416
10000903 10001108
10001123 10002189
10002877 10000357
10000418 10000214
10000318 10001138
10001223 10001806
10002046 10000067
10000388 10000244
10001106 10000071
10000107 10000140
10000686 10000264
10000802 10000628
10001813 10000202
10000274 10000047
10000139 10000331
10000642 10000237
10001211 10000250
10000611 10000298
10001378 10000190
10000672 10001950
10001952 10001005
10002170 10001249
10001261 10000441
10000479 10000033
10001078 10000218
10001062 10000206
10000232 10000192
10000504 10001801
10002147 10000179
10000609 10000392
10002169 10001099
10001392 10000690
10001186 10000153
10000932 10000100
10001205 10000302
10000756 10000159
10001939 10001406
10001434 10000437
10001910 10000197
10000743 10000057
10000822 10000144
10000712 10000155
10000762 10000602
10001508 10001189
10001654 10000637
10000829 10000346
10000564 10000891
10002030 10000266
10000413 10001601
10001775 10000223
10000276 10001013
10001319 10000072
10000386 10000285
10000423 10000982
10002423 10001377
10001515 10000042
10000845 10000509
10001209 10000113
10000221 10000926
10001221 10000243
10001053 10000359
10000482 10000483
10000650 10000646
10000684 10000085
10000667 10000757
10000905 10000157
10002141 10000529
10001116 10001594
10001606 10000245
10000619 10000040
10000718 10000819
10000899 10000288
10001245 10000721
10002064 10000166
10003034 10000451
10000707 10000614
10000871 10001611
10001808 10000090
10000246 10003206
10003829 10000828
10000923 10000801
10003150 10000668
10000784 10000851
10001409 10000350
10000460 10000162
10000444 10000333
10001092 10000025
10000634 10000401
10000645 10000972
10000994 10000820
10003535 10000152
10000177 10000583
10001075 10000151
10000262 10000454
10000956 10001340
10001701 10000358
10000683 10000046
10000075 10000407
10002435 10000017
10000039 10000576
10001824 10000371
10001105 10000044
10000607 10000160
10000321 10000560
10000904 10000007
10003192 10000381
10001951 10000440
10000523 10000839
10001707 10000301
10001153 10000122
10000261 10001385
10003069 10001025
10001608 10001830
10002099 10000011
10000373 10000919
10001198 10000248
10000524 10000857
10000862 10000161
10001127 10000771
10001155 10000426
10001283 10000149
10000414 10000038
10000890 10000271
10000458 10000200
10002281 10000054
10000400 10000779
10001435 10000014
10000696 10000355
10001165 10000123
10001674 10000704
10000705 10000108
10001228 10000061
10000154 10001609
10002088 10000543
10000791 10000062
10001525 10000353
10000874 10000005
10000817 10000132
10000314 10002007
10003189 10000242
10000962 10000580
10003493 10000533
10001628 10000330
10003067 10001276
10001811 10002176
10002210 10000403
10001380 10001054
10001279 10000361
10000592 10000770
10001428 10000000
10000167 10000209
10000217 10000178
10000394 10000455
10001676 10000348
10000480 10000892
10002246 10000584
10000971 10000999
10003173 10001905
10002290 10000119
10000313 10000145
10000317 10000558
10000823 10000229
10003197 10000282
10000722 10000635
10001548 10001002
10002008 10003104
10003121 10000272
10002375 10000397
10001018 10000201
10000954 10000022
10000988 10000616
10000626 10000415
10000557 10000341
10001384 10001828
10004028 10002133
10002780 10000026
10000765 10000465
10000484 10000565
10001243 10002413
10002730 10000629
10001232 10000759
10001335 10000114
10002265 10003300
10003474 10000256
10000299 10000258
10001056 10000548
10002843 10001862
10002266 10000322
10000442 10001864
10001979 10000183
10002412 10000120
10000751 10001782
10002564 10000605
10001136 10000332
10000544 10000399
10001218 10002705
10003321 10000031
10001534 10000118
10000343 10002049
10005540 10000225
10001125 10000376
10002079 10001284
10001405 10001325
10001354 10000532
10002040 10001101
10001537 10001620
10002426 10000469
10002557 10000319
10003732 10000630
10000968 10000220
10000305 10001089
10001831 10000978
10002447 10001692
10002070 10000344
10000733 10002323
10004149 10000239
10001493 10000073
10000653 10000459
10001780 10001289
10001818 10002060
10002307 10002810
10002833 10002515
10006351 10001204
10001447 10000964
10001651 10000788
10001104 10000541
10001157 10000049
10000295 10000260
10001933 10000551
10003529 10002014
10003162 10000550
10000595 10000146
10000987 10002489
10003913 10000569
10000615 10000496
10001543 10000572
10000647 10001313
10002081 10000080
10000185 10000279
10000940 10003317
10005106 10000303
10001082 10001052
10001135 10000720
10001461 10000180
10000531 10000453
10000798 10002300
10002432 10000749
10002647 10000429
10000439 10000356
10000522 10000020
10002330 10003670
10006380 10001072
10001894 10001296
10002127 10000663
10003017 10000435
10000562 10000859
10001256 10000391
10000881 10000682
10001717 10000868
10003821 10000187
10001173 10000124
10002140 10000432
10000462 10000575
10000731 10000567
10000768 10002835
10004804 10001771
10003483 10000385
10000552 10001214
10001694 10001008
10001398 10000380
10000764 10001520
10001700 10000059
10000785 10002543
10002935 10003036
10003573 10002087
10003841 10000092
10000097 10000503
10000755 10001732
10003260 10000405
10001143 10000461
10003611 10002801
10003042 10003347
10005111 10000877
10001635 10000195
10002930 10003548
10004447 10000096
10000481 10000055
10000727 10000378
10001451 10006391
10006504 10000289
10001696 10000424
10000742 10001523
10003506 10001349
10001374 10000254
10001337 10000467
10000928 10000236
10000666 10000004
10002085 10000878
10002890 10001475
10001797 10001020
10004023 10000216
10001431 10000127
10000958 10000963
10001550 10000563
10001219 10000308
10000698 10000300
10000875 10000603
10001540 10000489
10002304 10001929
10007903 10000111
10001266 10000608
10001463 10000936
10000979 10002192
10002581 10001756
10003956 10000009
10000150 10000949
10002945 10005770
10006169 10001524
10001953 10000970
10001677 10000826
10001886 10001686
10002683 10000291
10001766 10002621
10004283 10000024
10000568 10005416
10006514 10000571
10002847 10000961
10001067 10003333
10004131 10001599
10001736 10000060
10000324 10001936
10002047 10000309
10001869 10000198
10003452 10000290
10000488 10003046
10006719 10001899
10003527 10000620
10001187 10000547
10002587 10000907
10002161 10001061
10001369 10000296
10002678 10000472
10001396 10000818
10002401 10000800
10004597 10001026
10002563 10000989
10001063 10000203
10002660 10000115
10000247 10000133
10000946 10000957
10003942 10002764
10003288 10001582
10001912 10000064
10000967 10002942
10002975 10001947
10002057 10000631
10002011 10000045
10002320 10001076
10001754 10000539
10002712 10002547
10002611 10000470
10002464 10000079
10000816 10000641
10005997 10000099
10001030 10000241
10001418 10000231
10001804 10001744
10003012 10002045
10002574 10003441
10006936 10000189
10001840 10002394
10002815 10000181
10000866 10001094
10002956 10000056
10001009 10000307
10001684 10001726
10002562 10000016
10002173 10000746
10002241 10001880
10004081 10001172
10002205 10000661
10002622 10001715
10002819 10000536
10001263 10001783
10002684 10000447
10001856 10001103
10001781 10000012
10000156 10000240
10001559 10000795
10001626 10001860
10003105 10003802
10006116 10000134
10001510 10000434
10001236 10000238
10000688 10000577
10000955 10000847
10005721 10005825
10006674 10001634
10002100 10001467
10002055 10000687
10001481 10005593
10009838 10001647
10003920 10000910
10001657 10000778
10003592 10001293
10001498 10000370
10001068 10001166
10003125 10000573
10001631 10005578
10006536 10005480
10009376 10001285
10004075 10000028
10002571 10002881
10004755 10001365
10002315 10001440
10004547 10004362
10004968 10001362
10001464 10000702
10000997 10000944
10001576 10003123
10003642 10005784
10006645 10000664
10001433 10000383
10004047 10002069
10002086 10000421
10002112 10003018
10007127 10000501
10001399 10001064
10001779 10000023
10000701 10000083
10003259 10000695
10001202 10006828
